%YAML:1.0
---
K: !!opencv-matrix
   rows: 3
   cols: 3
   dt: d
   data: [ 1.5642419476564876e+03, 0., 8.6057050444128947e+02, 0.,
       1.1711276755488723e+03, 5.0938365476000928e+02, 0., 0., 1. ]
D: !!opencv-matrix
   rows: 1
   cols: 5
   dt: d
   data: [ -3.7078065430535156e-01, 1.7070420579902859e-03,
       3.1327837254027540e-03, 5.8876338210014781e-04,
       1.4610970409081858e-01 ]
